00100000
01001001
00100000
01100001
01101101
00100000
01101110
01101111
01110100
00100000
01110100
01101000
01100101
00100000
00100000
00100000
00100000
01011010
01100101
01100100
01100010
01101111
01100001
01110010
01100100
00100000
01001111
01001100
01000101
01000100
00100000
00100000
00100000
01000100
01101001
01110011
01110000
01101100
01100001
01111001
00100000
01000100
01100101
01101101
01101111
00100001
00100000
00100000
00100000
00100000
00100000
00100000
00100000
00100000
00100000
00100000
00100000
00100000
00100000
00100000
00100000
00100000
00100000
00100000
